07505447513
07505441227
07505449679
07505443393
07505446017
07505445469
07505448183
07505442897
07505440249
07505444863
07505442316
07505446930
07505449654
07505448006
07505441710
07505445434
07505443886
07505447500
07505445952
07505449676
07505442381
07505441733
07505444457
07505448171
07505446523
07505440247
07505448689
07505442303
07505445027
07505444479
07505447194
07505441818
07505449260
07505443974
07505441326
07505445040
07505448764
07505447116
07505440830
07505444545
07505442997
07505446611
07505444063
07505448787
07505441301
07505440843
07505443467
07505447181
07505445533
07505449258
07505447600
07505441324
07505444038
07505443480
07505446104
07505440828
07505448270
07505442994
07505440336
07505444050
07505448775
07505446127
07505449841
07505443565
07505441907
07505445621
07505443073
07505447797
07505441411
07505449863
07505442588
07505446292
07505444644
07505448368
07505446710
07505440434
07505444158
07505442590
07505446214
07505449839
07505447381
07505441905
07505449357
07505443061
07505447785
07505445137
07505449851
07505442575
07505441927
07505444642
07505442084
07505446708
07505440422
07505448874
07505442598
07505445212
07505444654
07505447378
07505445720
07505449445
07505443169
07505441511
07505445225
07505448949
07505447391
07505440015
07505449467
07505442181
07505446805
07505444247
07505448962
07505441686
07505440038
07505443752
07505442104
07505445818
07505449432
07505447884
07505441508
07505444223
07505443675
07505446389
07505445731
07505448455
07505442179
07505440521
07505444245
07505447969
07505446301
07505449026
07505448478
07505441192
07505445816
07505443268
07505447972
07505440696
07505449048
07505442762
07505441114
07505444839
07505448543
07505446995
07505440619
07505443333
07505442785
07505445409
07505444851
07505447565
07505441289
07505449631
07505443356
07505446970
07505445322
07505448036
07505447488
07505440102
07505444826
07505442278
07505446992
07505449607
07505448059
07505441773
07505440125
07505443849
07505447563
07505445915
07505449629
07505442343
07505441795
07505444410
07505443862
07505446586
07505440290
07505448642
07505442366
07505445080
07505444432
07505447156
07505446598
07505449213
07505443937
07505441389
07505445003
07505449727
07505447169
07505440883
07505449235
07505442859
07505446573
07505444926
07505448640
07505442354
07505440706
07505444420
07505442872
07505445596
07505449210
07505447652
07505441376
07505445091
07505443443
07505447167
07505445519
07505448223
07505442947
07505440399
07505444013
07505448737
07505446189
07505440804
07505448246
07505442960
07505445684
07505443036
07505447750
07505441474
07505449816
07505443530
07505441982
07505445607
07505448321
07505447773
07505440387
07505444001
07505442453
07505446177
07505444529
07505448243
07505441968
07505440300
07505443024
07505447748
07505445190
07505449814
07505447266
07505441970
07505444694
07505443046
07505446760
07505440485
07505448837
07505442541
07505440993
07505444617
07505447331
07505446783
07505449407
07505443121
07505441563
07505445288
07505443630
07505447354
07505440078
07505449420
07505442134
07505446858
07505444200
07505448824
07505446276
07505440991
07505443605
07505442057
07505445771
07505449495
07505447847
07505441561
07505449913
07505443627
07505446342
07505445794
07505448418
07505442132
07505440584
07505444298
07505442640
07505446364
07505449088
07505448430
07505441155
07505445869
07505443211
07505447935
07505445387
07505449001
07505442725
07505441177
07505444881
07505448505
07505446957
07505440672
07505448024
07505442748
07505445352
07505444704
07505447428
07505441142
07505449594
07505443218
07505441650
07505445375
07505448099
07505447441
07505440165
07505444889
07505442231
07505446945
07505444397
07505448011
07505441736
07505440188
07505443802
07505447516
07505445968
07505449682
07505447034
07505441758
07505445472
07505443814
07505446539
07505440253
07505448605
07505442329
07505440771
07505444495
07505448109
07505446551
07505440275
07505443899
07505441241
07505445966
07505443308
07505447022
07505441746
07505449198
07505443812
07505446536
07505444978
07505448692
07505446044
07505440769
07505444483
07505442835
07505446559
07505449263
07505448615
07505441339
07505449781
07505443405
07505447120
07505445562
07505449286
07505442900
07505441352
07505444076
07505443428
07505446132
07505440856
07505448208
07505442923
07505445647
07505444099
07505447713
07505446155
07505449779
07505443493
07505441845
07505445569
07505448283
07505447626
07505440340
07505449792
07505442416
07505446130
07505444582
07505448296
07505441910
07505440362
07505443086
07505442438
07505445153
07505449877
07505447219
07505441933
07505444657
07505443009
07505446723
07505445175
07505448889
07505442504
07505440956
07505444670
07505447394
07505446746
07505449450
07505448802
07505441526
07505445240
07505443692
07505447217
07505440921
07505449373
07505442097
07505441449
07505444163
07505448887
07505446239
07505440943
07505443668
07505442010
07505445734
07505444186
07505447800
07505441514
07505449966
07505443680
07505446304
07505445756
07505448470
07505447823
07505440537
07505444251
07505442603
07505446327
07505449041
07505448493
07505441107
07505440559
07505443273
07505447998
07505445340
07505449064
07505443778
07505441120
07505444744
07505443196
07505446810
07505440534
07505448976
07505442691
07505446315
07505444767
07505447481
07505446833
07505449557
07505443261
07505441613
07505445337
07505449052
07505447404
07505441128
07505449560
07505442284
07505446908
07505444350
07505448074
07505442798
07505440130
07505444855
07505442207
07505445921
07505449645
07505447097
07505441711
07505445425
07505443877
07505447591
07505445943
07505449667
07505442282
07505440624
07505444348
07505448062
07505446414
07505440138
07505448580
07505442294
07505445918
07505444360
07505447085
07505441709
07505449151
07505443875
07505441217
07505445931
07505448655
07505447007
07505440721
07505444446
07505442888
07505446502
07505444954
07505448678
07505441392
07505440744
07505443458
07505447172
07505445524
07505449249
07505447691
07505441315
07505444039
07505443471
07505446195
07505440719
07505448161
07505442885
07505440237
07505444941
07505447666
07505446018
07505449732
07505443456
07505441808
07505445512
07505443964
07505447688
07505440302
07505449754
07505442479
07505446193
07505444535
07505448259
07505446601
07505440325
07505443049
07505442491
07505445105
07505449820
07505447272
07505441996
07505449348
07505443062
07505446776
07505445128
07505448842
07505442566
07505440918
07505444633
07505442085
07505446699
07505449313
07505448765
07505441489
07505445103
07505443555
07505447269
07505445611
07505449336
07505442050
07505441402
07505444126
07505448830
07505446282
07505440906
07505448358
07505442072
07505445796
07505444148
07505447853
07505441577
07505449929
07505443643
07505441095
07505445719
07505448423
07505447875
07505440599
07505444214
07505442666
07505446380
07505444722
07505448446
07505442160
07505440512
07505443136
07505447850
07505445202
07505449917
07505447369
07505441083
07505445707
07505443159
07505447873
07505440587
07505448939
07505442653
07505440005
07505444720
07505448444
07505446886
07505440500
07505443224
07505441676
07505445390
07505443742
07505447466
07505441170
07505449522
07505443247
07505446961
07505445313
07505448037
07505446479
07505440193
07505444817
07505442269
07505446983
07505449608
07505448040
07505441664
07505440116
07505443730
07505447454
07505445806
07505449520
07505442234
07505441686
07505444301
07505443753
07505446477
07505440191
07505448533
07505442257
07505445971
07505444323
07505447047
07505446499
07505449104
07505443828
07505441270
07505445994
07505448618
07505447060
07505440774
07505449126
07505442840
07505446565
07505444917
07505448631
07505441355
07505440797
07505443411
07505442863
07505445587
07505449101
07505447653
07505441267
07505444982
07505443334
07505446058
07505445400
07505448124
07505442838
07505440280
07505444904
07505447628
07505446070
07505449795
07505448147
07505441851
07505445575
07505443927
07505447641
07505440365
07505449717
07505442421
07505441873
07505444598
07505448212
07505446664
07505440388
07505443092
07505442444
07505445168
07505444510
07505447234
07505441959
07505449301
07505443015
07505446639
07505445181
07505448705
07505447157
07505440871
07505444585
07505442937
07505446651
07505440376
07505448728
07505441442
07505440884
07505443508
07505447222
07505445674
07505449398
07505443012
07505441464
07505444179
07505443521
07505446245
07505440969
07505448311
07505442035
07505446749
07505444191
07505448815
07505446267
07505449982
07505443606
07505441048
07505445762
07505449486
07505447838
07505441552
07505449904
07505443628
07505446233
07505444685
07505448309
